"timestamp","log_control_reduction","control_total_cod_mgcod_per_gvss","control_total_pn_to_ps","control_lb_cod_mgcod_per_gvss","control_lb_proteins_mg_per_gvss","control_lb_carbs_mg_per_gvss","control_tb_cod_mgcod_per_gvss","control_tb_proteins_mg_per_gvss","control_tb_carbs_mgcarb_per_gvss","control_tb_pn_to_ps","AB9A_DO_mg_per_L","AB9A_NO5_mgN_per_L","AB9A_NH3_mg_N_per_L","AB9C_NH3_mg_N_per_L","NSI_TEMP_C","Clarifier_9_SLR_ppd_sf","NSI_TKNH_LAB_mg_per_L","AB9_INF_FLOW_MGD","AB9A_AIRFLOW_SCFM","Control_NSEC_ASRT","Control_ASRT_d","Control_Floc_SRT_d","Control_Granule_SRT_d","Control_AGS_Weighted_SRT_d","Control_Floc_percent","Control_Granule_percent"
2022-06-20,15.56774926903,552.8,0.68,23.42,11.94,12.51,529.41,152.51,229.51,0.66,0.411031237896105,0.602929779778951,8.08393062240988,0.878206370571003,19.7253423603597,34.9454040527344,NA,16.9162460091044,693.491507231498,5.483099937,NA,NA,NA,NA,NA,NA
2022-06-27,15.4246884365925,843.6,0.75,45.25,20.34,19.57,798.31,248.04,337.03,0.74,0.429525539583276,0.165076016795455,7.75396355833674,0.945355456014915,20.0437393923876,37.010151942571,NA,16.8051847791929,748.97420634152,6.107087135,NA,NA,NA,NA,NA,NA
2022-07-11,15.6249789609731,550.8,0.71,12.99,6.52,7.29,537.85,170.01,242.77,0.7,0.338628156592322,0.0130701043528936,7.50826072733998,1.18133283366469,21.4977251103086,36.0947913726171,NA,16.5264879220092,675.453377722414,5.948667526,NA,NA,NA,NA,NA,NA
2022-07-25,15.5692219595548,495.3,0.97,19.82,5.44,9.29,475.48,227.17,230.98,0.98,0.257040117095696,0.0133166906198442,8.76114877758341,1.51950854235617,21.7818165203922,39.0353320837021,NA,16.7910107472632,657.378966525351,5.823716164,NA,NA,NA,NA,NA,NA
2022-08-01,15.9719247147873,687.5,1,17.05,6.64,8.34,670.45,304.17,302.01,1.01,0.350962075686212,0.0777068875801712,8.06187455506931,1.11385303870876,22.0344807885311,37.0598870118459,NA,16.4285126590029,669.473749592794,3.864793301,NA,NA,NA,NA,NA,NA
2022-08-08,16.2965681429306,485,0.77,51.28,11.59,12.62,433.76,220.2,288.46,0.76,0.464939949826017,0.0384996279776763,7.79867865010766,1.78975611926894,22.0048001084453,35.5306920607885,NA,16.7434452135635,852.637303094016,5.63346386,NA,NA,NA,NA,NA,NA
2022-08-15,15.0900909294542,540.6,0.52,8.71,6.8,7.99,531.91,104.76,207.12,0.51,0.343222128072702,0.00216036307110308,7.472683602844,1.33149042759243,22.4786571964004,34.4856387178103,NA,16.0058167922193,712.117031764762,4.048686504,NA,NA,NA,NA,NA,NA
2022-11-29,16.3794671150703,268,2.88,28.56,11.17,3.7,239.42,88.76,30.95,2.87,10,0,0,2.16000008583069,18.0345560090737,19.8457546234131,45.8,0,375.209239149849,5.995271206,6.60989002,6.60989002,7.068590502,6.63965637,93.51072209,6.489277906
2022-12-06,17.0011521946271,277.2,3.48,22.14,10.28,2.43,255.1,101.26,29.59,3.42,9.49936338240444,0,0,2.16000008583069,17.8678607940674,19.8457546234131,47.9,0,374.749914169669,5.990705013,6.62478423,6.62478423,7.071619046,6.653018408,93.68129401,6.318705993
2022-12-13,15.5144417648811,180.7,3.1,13.4,5.19,1.84,167.28,64.17,20.56,3.12,10,0,0,2.16000008583069,17.4540191348125,19.8457546234131,44.9,0,382.807424809555,6.449737549,7.169716294,7.169716294,7.720261097,7.20897657,92.86883182,7.131168183
2022-12-20,15.625028082114,246.8,2.9,14.92,6.47,2.23,231.89,79.91,27.54,2.9,9.73748740114738,0,0,2.16000008583069,16.9698593695131,19.8457546234131,45.8,0,379.232818506218,5.27617836,NA,NA,NA,NA,NA,NA
2023-01-12,10.7188523658203,422.1,2.77,95.43,23.37,8.29,326.69,110.74,40.13,2.76,10,0,0,2.16000008583069,15.8866369461586,19.8457546234131,47.3,0,372.666270123953,3.014899731,NA,NA,NA,NA,NA,NA
2023-01-20,16.805219728999,457.8,2.76,115.8,24.24,8.17,342.05,116.67,42.8,2.73,10,0,0,2.16000008583069,15.5408212435373,19.8457546234131,NA,0,462.24017999778,5.323704243,NA,NA,NA,NA,NA,NA
2023-01-24,15.5140576454701,452.1,3.04,121.41,28.46,9.75,330.7,114.77,37.44,3.07,0.869153340044863,0.00086751658182569,9.97373058398657,3.21821905703125,15.4602674280605,35.3665936589241,44,16.1198370210239,857.02874519013,NA,10.74506706,10.74506706,11.46977432,10.79085703,93.68159095,6.318409049
2023-01-31,14.9945162620315,342.2,2.59,80.67,13.61,5.49,261.57,76.85,29.45,2.61,1.38681661323362,0.00047943275991991,10.8434191309196,3.32562422455651,14.9516720362827,43.2720985412598,61.4,17.4117302639986,1279.8818465402,6.227141857,6.26576934,6.26576934,6.68432375,6.291978093,93.73826843,6.261731567
2023-02-07,16.0772007371129,404.1,2.72,64.14,17.24,6.32,339.94,108.9,40.12,2.71,1.31311754079663,0.00107520894941861,7.71772693684193,1.64397541771366,15.112418569301,43.2720985412598,44.5,15.2165495758443,1231.4288700308,NA,17.31771774,17.31771774,18.77053315,17.43016381,92.26012709,7.739872908
2023-02-14,16.0341704160206,396.5,3.54,84.03120936,20.79011704,5.949128739,312.4837451,109.0701691,30.72249675,3.55,0.958935220644774,0.00352130978707394,6.59700993858735,1.08251431088893,15.1464207205507,43.2720985412598,43.7,14.3509693794398,1131.92344094302,5.955348015,7.157485594,7.157485594,7.811385456,7.212224287,91.62888753,8.371112472
2023-02-24,15.3374060433357,387.6,3.49,88.53658537,20.94128049,5.16354878,299.0853659,105.2782317,31.02731707,3.39,0.735356465457728,0.00071045675514696,6.23398672603665,0.94981366970947,14.7216824865148,43.2720985412598,NA,14.7731310445895,779.085415822471,8.977611542,NA,NA,NA,NA,NA,NA
2023-02-28,15.4000572380844,444.8,3.64,101.1702128,21.60914894,5.461489362,343.6170213,121.1214894,33.75361702,3.59,0.91099601640682,0.0318780376599707,5.74509679722273,0.791767113100842,14.2745543493786,43.2720985412598,NA,13.7452147567747,756.504793594807,6.262470245,6.181916401,6.181916401,6.744843041,6.228898428,91.65396975,8.346030251
2023-02-28,15.4000572380844,441.9,3.61,117.3134328,24.97679104,7.963880597,324.6268657,112.0569403,29.98902985,3.74,0.91099601640682,0.0318780376599707,5.74509679722273,0.791767113100842,14.2745543493786,43.2720985412598,NA,13.7452147567747,756.504793594807,6.262470245,6.181916401,6.181916401,6.744843041,6.228898428,91.65396975,8.346030251
2023-03-14,15.6246350454092,379.8,2.35,86.94915254,18.9440678,7.757627119,292.8813559,84.12711864,36.02711864,2.34,0.927324493036065,0.00105708071876958,7.83424437384373,1.63357427986869,15.1905896928023,43.2720985412598,46.1,14.0169763565063,1035.1685609692,8.484887123,NA,NA,NA,NA,NA,NA
2023-03-28,11.1496574055619,443.9,2.4,104.0559441,16.5065035,8.14048951,339.8601399,90.83622378,36.4927972,2.49,2.47030764281109,0.00058814538273819,8.05123674624692,2.60702404435972,15.3277147283709,43.2720985412598,43.8,14.0169763565063,1253.60119134933,9.428341866,8.177122434,8.177122434,8.798129615,8.220955605,92.9416,7.058400003
2023-04-04,15.7400803265583,488.7,2.29,109.7368421,16.33781955,8.467894737,378.9473684,100.2505263,42.51338346,2.36,1.31959158689096,0.00047158388744209,6.6470003887842,1.46911193983555,15.4353837379192,43.2720985412598,NA,14.0169763565063,933.743291184855,5.483862877,6.13651349,6.13651349,6.588920874,6.16757661,93.1338167,6.866183296
2023-04-11,14.9637380671746,437.7,2.31,88.37545126,15.10223827,7.639061372,349.2779783,91.98259928,38.70303249,2.38,0.799124562977193,0.00187736143780021,7.94388774475467,2.95978184580289,16.1645908261891,43.2720985412598,47.6,14.0169763565063,874.488135069131,5.624781609,4.897017851,4.897017851,5.319172194,4.930521991,92.06353305,7.936466949
2023-04-18,15.2840367673016,417.3,2.96,95.09433962,16.27358491,6.587735849,322.1698113,94.04490566,30.67867925,3.07,1.69927004174048,0.00762648768278313,6.05836149134173,0.418675595052556,10.1933271765646,43.2720985412598,NA,14.0169763565063,1309.39290615782,6.246373653,4.45328663,4.45328663,4.917478281,4.497104594,90.5603721,9.439627896
2023-04-25,15.7393503675495,345,2.63,70.92651757,14.2571885,5.322172524,274.1214058,89.85623003,34.27821086,2.62,1.33635347920751,0.00613744348373227,6.9624460996629,0.985652100795444,16.6056912177398,43.2720985412598,NA,14.0169763565063,1251.55727930135,5.673823833,4.560507343,4.560507343,4.860283111,4.578997112,93.83213362,6.167866382
