"timestamp","log_pilot_reduction","pilot_total_cod_mgcod_per_gvss","pilot_total_pn_to_ps","pilot_lb_cod_mgcod_per_gvss","pilot_lb_proteins_mg_per_gvss","pilot_lb_carbs_mg_per_gvss","pilot_tb_cod_mgcod_per_gvss","pilot_tb_proteins_mg_per_gvss","pilot_tb_carbs_mgcarb_per_gvss","pilot_tb_pn_to_ps","AB2A_DO_mg_per_L","AB2A_NO5_mgN_per_L","AB2A_NH3_mg_N_per_L","AB2C_NH3_mg_N_per_L","NSI_TEMP_C","Clarifier_2_SLR_ppd_sf","NSI_TKNH_LAB_mg_per_L","AB2_Anaerobic_FM_g_sCOD_g_MLSS","AB2_INF_FLOW_MGD","Pilot_NAB2_ASRT","Pilot_ASRT_d","Pilot_Floc_SRT_d","Pilot_Granule_SRT_d","Pilot_AGS_Weighted_SRT_d","Pilot_Floc_percent","Pilot_Granule_percent"
2022-06-20,15.5695335453559,741.6,0.64,20.38,9.54,11.36,721.18,199.37,313.47,0.64,0.485642168743619,0.0821900134144337,7.71501792070945,1.34373176835202,19.7253423603597,30.2943906386693,NA,5.27426927089691,945.943166385369,5.233624617,NA,NA,NA,NA,NA,NA
2022-06-27,15.424788457597,793.6,0.77,63.32,25.24,23.91,730.26,234.82,313.9,0.75,0.597404194562137,0.121862175045545,9.45225523109121,1.08292235710617,20.0437393923876,30.6174075404803,NA,5.36396328641309,1118.77656059577,5.261644595,NA,NA,NA,NA,NA,NA
2022-07-11,15.6269909518045,522.5,0.76,12.05,7.38,7.5,510.48,166.42,221.71,0.75,0.570072223946123,0.00425044693520021,7.66738144716358,2.87756108818708,21.4977251103086,32.2486258943876,NA,4.69314232899083,1180.45023032126,5.747794925,NA,NA,NA,NA,NA,NA
2022-07-25,15.568009313239,420.2,0.92,11.49,3.92,4.91,408.66,208.4,225.01,0.93,0.247324606262983,0.00471703586391293,9.61754510265924,3.63599416241455,21.7818165203922,41.680146018664,NA,4.28249889049265,894.608510052102,6.172447578,NA,NA,NA,NA,NA,NA
2022-08-01,15.9719247147873,478.1,1.22,9.1,3.97,5.23,469.04,198.42,160.98,1.23,0.212281181968018,0.00386234870888394,9.98441373616751,3.44105980087033,22.0344807885311,42.0676828225454,NA,4.10274080153969,753.993808746597,6.468935759,NA,NA,NA,NA,NA,NA
2022-08-08,16.2996385713603,516,1.09,18.63,13.56,8.21,497.33,230.49,215.65,1.07,0.396726725310255,0.00331091723322926,9.06771561475505,2.16466781574785,22.0048001084453,43.1803809801737,NA,4.0295007057488,1207.537254177,5.65365482,NA,NA,NA,NA,NA,NA
2022-08-15,15.0984451783185,464.8,1.11,12.02,7.97,8.68,452.77,215.87,192.15,1.12,0.514469880210819,0.0506583259727405,8.74363404937735,1.51507506456122,22.4786571964004,43.1935768524806,NA,3.95523238562875,1377.77291695766,6.332788256,NA,NA,NA,NA,NA,NA
2022-11-29,16.3802652811012,295,2.81,52.59,21.29,5.23,242.41,81.73,31.5,2.59,0.5755814383446,0.341824345914879,13.0994134941838,3.82516435161865,18.0345560090737,46.7434000968933,45.8,5.16679091312819,1444.70742927887,5.069929063,5.031122669,4.377599605,9.481610974,5.609223612,75.86948935,24.13051065
2022-12-06,17.0016962350418,309.4,3.39,30.62,15.48,2.72,278.82,97.4,30.55,3.19,0.731053791095319,1.09736722152734,14.8437426400799,1.12569950834386,17.8678607940674,46.6728796362877,47.9,5.6627776371936,1934.12777320036,4.218125343,4.499694287,3.74746401,8.156367311,5.11099363,69.07326999,30.92673001
2022-12-13,15.5160680637659,167.3,2.94,13.28,5.63,1.35,154.07,55.95,19.63,2.85,0.584354412063286,1.06687359243293,13.6390064411199,0.91190426781485,17.4540191348125,44.5366260210673,44.9,5.80990339997742,1677.43720646651,5.107089709,5.172085903,4.027678356,10.18978772,6.282333479,63.41098496,36.58901504
2022-12-20,15.6278729877312,257.1,2.61,15.33,5.61,1.58,241.8,78.87,30.75,2.56,0.650391751042936,0.898413217472018,11.0737751550782,1.05369706256481,16.9698593695131,45.8487191200256,45.8,5.53378381704291,1899.22423997073,5.31723819,NA,NA,NA,NA,NA,NA
2023-01-03,9.92034466960255,220.1,1.92,13.64,5.78,2.12,206.49,72.73,38.74,1.88,0.965571422676588,1.31488624224109,9.69965973130914,0.339041516481722,16.0012587653904,38.6979114214579,43,5.00883279509015,1622.49315005008,4.693127341,4.565908447,3.68002267,9.465051103,5.516448925,68.25553622,31.74446378
2023-01-12,10.8434948110276,492.2,2.84,117.37,26.58,7.65,374.79,113.15,41.54,2.72,0.60107239596776,0.967979361833813,12.397853295242,0.507327629926888,15.8866369461586,41.4220377206802,47.3,5.14897468636433,1343.74279602111,5.022693537,NA,NA,NA,NA,NA,NA
2023-01-20,16.8056270927326,470.8,2.86,107.09,23.53,7.84,363.68,115.67,40.84,2.83,1.01983139182171,1.16011665674709,11.9296970849771,0.278272451800017,15.5408212435373,39.8161696990331,NA,4.81155928282274,1779.37286037566,4.346598096,NA,NA,NA,NA,NA,NA
2023-01-24,15.5125013674062,495.8,3.22,92.22,22.61,6.7,403.55,125.85,39.36,3.2,1.12012745623508,0.398933688578653,11.3507490156704,1.21072010655689,15.4602674280605,35.5527430375417,44,4.60885069320599,1606.42979767453,4.444515355,5.710757555,4.253340837,15.89291366,8.30929976,65.15371324,34.84628676
2023-01-31,14.9838043698332,538.8,2.9,99.01,16.08,5.23,439.78,124.83,43.31,2.88,1.4249401038202,1.03607920185679,11.2506911787602,1.04348249228285,14.9516720362827,30.7528800964355,61.4,5.7900084655318,1413.57341499495,4.753262861,5.585323269,4.031475602,16.30849321,8.568529752,63.04432969,36.95567031
2023-02-07,16.0779557154496,488,2.71,80.76,14.32,4.56,407.2,115.62,43.39,2.66,1.14591339330314,1.06864421669926,9.1666245445355,0.22652299521456,15.112418569301,30.7528800964355,44.5,4.07050759618481,1416.85680918509,5.929012202,6.082019469,5.001477633,15.89507368,7.825423228,74.077012,25.922988
2023-02-14,16.0353996764835,468.1,3.32,110.1666667,23.66316667,6.686666667,357.9166667,113.1076667,34.45933333,3.28,1.16961713998031,0.934102503620165,9.30486558625854,0.517925260531645,15.1464207205507,30.7528800964355,43.7,4.20491539438566,1466.61066172252,6.205394365,6.676825341,4.956780774,21.62385937,10.52739254,66.57715545,33.42284455
2023-02-24,15.3432393750718,530.1,3.38,99.64968153,21.39745223,5.491719745,430.4140127,145.2038217,43.77343949,3.32,1.15584742038725,1.41013450540209,10.1863796858506,0.471003666295917,14.7216824865148,30.7528800964355,NA,4.72121640460359,1061.48641546675,5.621076244,NA,NA,NA,NA,NA,NA
2023-02-28,15.3931481578486,546.7,3.34,150.5625,35.332125,9.7395,396.09375,118.9453125,36.4198125,3.27,1.93125756782617,1.17721703015842,8.90406748179092,0.927868052983081,14.2745543493786,30.7528800964355,NA,4.14608124229643,1463.75547910698,4.907490497,5.044052182,3.69974196,17.17627523,8.277458752,66.03194086,33.96805914
2023-02-28,15.3931481578486,504.3,3.79,127.7689243,23.15737052,5.968685259,376.4940239,139.4421514,36.91410359,3.78,1.93125756782617,1.17721703015842,8.90406748179092,0.927868052983081,14.2745543493786,30.7528800964355,NA,4.14608124229643,1463.75547910698,4.907490497,5.044052182,3.69974196,17.17627523,8.277458752,66.03194086,33.96805914
2023-03-14,15.6278827837615,551.2,2.8,143.3333333,29.25789474,9.168421053,407.8947368,143.5491228,52.57017544,2.73,0.801568391551098,0.796943461643865,12.2552520428202,1.29792592600951,15.1905896928023,30.7528800964355,46.1,4.63504126841823,1398.0253765998,4.664367507,NA,NA,NA,NA,NA,NA
2023-03-28,11.0267924537946,516.9,2.29,136.1538462,23.54,9.103333333,380.7692308,101.9407692,45.61282051,2.23,1.72113527655241,0.665401563553126,13.872995686766,2.73995457419563,15.3277147283709,30.7528800964355,43.8,6.20223832362228,1409.76662240439,5.387410901,5.017945827,3.585834922,21.63526207,9.760492003,65.7902878,34.2097122
2023-04-04,15.7419757300446,462.2,2.24,120.3308824,21.30816176,9.078529412,341.9117647,89.53742647,40.33345588,2.22,1.63230767409087,1.34095750444086,11.2857430761123,2.38995794593233,15.4353837379192,30.7528800964355,NA,5.75302548408508,1455.39560730164,5.70134812,4.797559374,3.414970189,26.14309138,10.9490417,66.85132287,33.14867713
2023-04-11,14.9647208993955,433.2,2.19,105.7142857,15.96461538,6.471208791,327.4725275,87.3778022,40.65604396,2.15,0.802320874825839,0.83063424873934,12.3347049247897,2.83238905375545,16.1645908261891,30.7528800964355,47.6,5.90043886767493,1324.07419393422,5.726545631,4.531352791,3.258167455,23.53468604,9.870766064,67.38789955,32.61210045
2023-04-18,15.2844879840982,501,2.41,142.25,24.0625,7.989,358.75,100.78125,43.74525,2.3,1.49286250688684,1.22990952073163,11.1871645070387,0.249136054446637,10.1933271765646,30.7528800964355,NA,5.67614729205767,1636.33869416532,6.043034883,4.509871537,2.958463818,21.64658766,10.40494714,60.15392778,39.84607222
2023-04-25,15.7421257508366,368.9,2.46,63.34459459,10.89527027,4.055675676,305.5743243,97.23405405,39.91195946,2.44,1.41002476774185,1.10622570569487,12.7411707505734,2.15486495747962,16.6056912177398,30.7528800964355,NA,6.38222062653965,1722.24533787133,6.975357774,7.402878933,5.058518745,37.88252947,17.05524255,63.4513774,36.5486226
